$ANSIBLE_VAULT;1.1;AES256
37663630326538356661313830643561303732613432343936666434383664386535653630353236
3039326566323534633362626537316364393035373861310a303661333131333537653432623631
64353734363236313936323863623033313366303436306461663631306137373966383361633639
6337663162333062320a393636656561393761303632356335346663333131353363356265386635
65666637356462376538613462616434393038666635353563313035633334326636646164343430
38366364346139643633376464313464343961623464363232626238393562323661306432616263
35336635306633643133356136646231353433386136363636373261373263616465613366376231
36653237303733353838363865323261373436333562393530663963373464373762316136326634
32653230376266316436633638646263326638333631343133333761663962306234616163366235
34626130316238366133666665323133623933623832636639333337363861373135633961363733
33626165613234393364646333306566303761656164346133643063306661383538396330616662
62663661356365333939646465333664383564643239376663333831353161343237316466633430
36663361396666616135303439343733356231383438333536363435646563363236313035643937
39393935306437613231613463626537323261353762616162376431643561326661653535383566
38613339376232393438353336346666373730336562396366353537333832313763633434313037
62306539386132653966626463653235316332333864613333616136646137303362626130336362
35616332616637616466363233393933363839326662366363376466316633656432323930643836
32636632396139366531306531643265373339656265643238393466666434363133326434373562
32646432636662373731306264316231343933396461616165653163663630633232343762623038
35376361313864336639303039396539386436323039393034656536383135643933306137663862
38663463633037326536383464383336613261646234383439356237323132373366613335353530
62656637346264626431653735656263383731316131356137656664366139386433613961613130
63363564333035666137306634343835613164313337366538633536396234313362333933356564
36613366356639643230313964653161663837643462326436373262633766333734393238386634
35653532333162303131666538313732616265633139303530376162636437383132313836633830
37626135656536333465313836646566336136646265343464623262633863613136636439653830
65616235396433333435643430663832326465343161613739653830663365376133356137386664
35353930343534313266656630333430373664636461636334303266623761326231373137343236
33323066363931303166323864373466363437393561653833613961643139333964373238656664
35623832613963363839376666396462353062386535366466373261306435383366376664336430
65343063663030333338633833613935346439333862343566363262353465303532626533353534
66653530326161666665343661353961373664343265333161333162353832396538343364633461
61623864383837323935336436353535643666656234333539393537363361366564393430346461
63353766346231646630306138663963353039323739303461383637626530373234383862353139
35646537633337396134396338376436396561303065393438383761653338363037306239323730
66343131376561306138383230303266636164393864626635346338343761653262333265356562
33613335356636666239323765313232313362313636626366323861333231643263626566393361
61303638343066326263363531393632653631626439306136623165633765623533346330303937
31396536396636316333333433613133316131353530373030633963363532376433323830346566
65643364303665626631653930373937346239613338373962356565353732323136646262386533
61343738613830636365666266363431306462636534373438653938306163623966613736613865
64346531343436343737333064633062343766326534666437663731316534343365303333623835
31363235333430363363313737636232313239346432353361366263336361633636306136396334
64313837666234333762353866393038376362633561623233336433383365353861306531643933
61393264613363303230633138656664323035383533313665623665343562653538616137363130
66363238623666396337646138653631343832303138366239323264653461306638623036363430
37616539653931636265383738393331353835353264343233313734663431306664393761363061
64666336396364613962336263346334303632356636653130333565623635663761386539646239
64643132343364626231363632663264356266643661653633633936313432616232363036666161
31343365666433366534373137653862633438313764646334643265663766303031633066303338
31663066306432623438386333653264356338376436636635323263633033643833653335346532
61613239323539646234356365326436616263333762303933653038353332653830353634633130
30383263373433316232376462306161636363653161323830656265383566656165373830393961
62306565366130383062633035663533363532613235616362393335643936396133383362396232
66306566656462376337343361376265646330613533363034393363306165303865363839343665
36323439343961383334633039666236613236386563313038313530386563336531356263373461
39373837343733336165373436616438303831376638303563616133633931323436316265633137
30353231636132393964313566373535613034396265376435646235346465303834666631636261
34623733396333306437333436633539636363376331333763323966383136643530393261303635
61636639663563643761663964643438326233343263323432346537356234393964383630316233
61376466366231643862333662653939613736663730303036653664356264663837393237353237
32366666646336303331373031343638643439656633333163663365393534613231316433313231
64306266373361653061333166343539306365646436663533616239653066306562376334633539
31653665326465363235303463316635366563653935623534376463643063303464636432393431
61326661376533623266323637353334356534613965383737326562353535363134623565363738
61373134333237323230663062616265383162343637643333386363626164653764363436376634
62616362366237663131376537633538316433653364663733336161306361626664323134666638
39373262613639653633666435643938623865316334363466373666326432666136376233306135
36313764643963646137633538656534366635663161636533326334623738343236353033366564
32656332356364613132383264623065633936373963316530323934626133303639353664323139
30613262623234356434336236386438666239653763633433613434626336666138393263633330
62323936353762346664363535333861326533353434373438386235326438343866326233343333
62353432663432356534303064633161653261643931343232643035396162306537623962633866
31373662386230636664613132333064663962303063356562343739383234626538316533393861
38613764326463353466613766386561623563356466653638393533376461356264383266323061
61316366383561623564343131353664613935396636626263616439373237346334303262633135
38636532646335353032333836656165656361633763376266386432306563626631336262663634
62393166313133633535356262623965633537353739343361316530333839633833633464366235
34336638333462616130376266376563646239316238643134393537396665646138643330616233
33376239356639376161336137366231383761633864383062323362303033393562666364396133
63633762643734323330326534613964663430623432353365316533313863633763366538373130
62383763353132656335303064383230333062396337303933663063393465653431366436346432
65333362333962333439323962356631353033313362313765616538326438346333326133623934
65333634623666623935383566326135383764346539353133366362633634353362356334346435
35383866343961613433666333366439303863343166323531393432666139373461636536663932
39366632306666383866383031303532373132393933313065356463633332323637336466313365
63656130646562376364633531613039363037343062333564616539313665343962353332616163
36663062396363613432653032643638613964393565316265636262626436396637333436633866
62356262666666616663306639313564656563373936363039356431363934636264313263623836
65633335653534356164323738613065303162353862313663623039666164353631366163393662
31303437306435363238383036363938366233653166366363386562383733363764653665613634
63383334623334643034383236653932343937313838346637666161633536616630653234373163
65643166306239333863303338663237316663333436373238373966636137623638616537373732
37376362333861646662356466366164616635323066346566663431653965646133396632376261
36376336616637323764633366666632666333313434616164666162373839333563346234356231
66393865363034373239366334306364373665613639346132323034363062306236636364623166
33633730326634663536623063616533326630333464643161313235663763653761646438373761
30623066306265313433313966373935383664343464633832353964386261613831653434373236
65616466343234336561383234343639393534653332313563613037666338613061646536313736
37373638366162643162343062643862386637376330356537663734636166623365356266333239
64336565323063306563366530333965646134306565363435653063346232353135643739313830
38646330313736343034646362343530303265643666323661346366353836356261356161363732
32353139373263343265366134653761393536353961313437366265376337613861393764383564
31613338383663336638653964373066666134373864353733633362633431646338646433646236
62643638326466396435356139323236343666303163383764366631353966393964643762313734
66613038356338346234663537613561326139316535623036653261306562383364336330376534
64376138353737653334356234363736356537633738376462326464366261613039666664623230
38633665366266646266653939633563666634623638313266383865356331613232306566303762
39353165343335323633303930613532323830383332353463313133386666353031353762303563
65323633336139363538303364373531633637353765393832336533656232363961623139623232
63393139303038313661386434313761623138653130373732666339346366313866633539333335
65633164313261323839653965306539316332323334633666623331306661333239636365383439
34346535373261333432636266353564346338316464346361313131323065326333396165363062
30653232356661306164343530316263306536333037633565373830653166363338653562636237
36383763316131353435626635346139303561323031363836383431343438313433336430663232
39396163316533626466396635366236326161323563343765316535353931386639656534316662
38333062643733363837333630363165626134623332393462663230376666393961323264333635
61313065636233303239326330393264326631326131346264633932376362316633663136626233
65646632323339336637313230343637643030343063623839353230666437643965353165616135
64306539636238666663333466363534386566643466353432306163356432333062383266396536
39373238396435383265383863633162656264613534316137626564336663356237623836383533
32333831636538303231303665356139616466333634343163353536363134663664646238363833
31363434383365366339373261346437316633366636653636313138643631323864313863323733
62376133346432313135396566653562623434646634643261323761373861333738623737346234
62636536383333306534353639323464623366356562613333363439373031613364393065613965
32373064373035316466353332316235333164373730646230353261623664306537623264613962
63333432356433633466623830646636666233323866393561336365316361383831393534306332
36376564343134323564326438383835626130343934353636626365303036653663323238306361
32396239383630323936376431346661613738633063663036636564633766366362323336653532
33333333643439396266616164383435303333343836326131333438396633306565613737633966
36386164333833623165306236313234326332366361653037376165353364656230336330636663
65613439386635356634303636366234636265373633336435613462653363373030336561616138
31376231623035633862363065373730333233613538643761363032353137323961306633666639
36643439386532663362646364366331616637626661373964306531333763373639376264636463
616230623330613434636337313231393237
